PUSHED 0 1 0 0
PUSHED 1 1 1 1
PUSHED 0 0 1 0
GET RESULTS
0: 0 0 1 0
1: 1 1 1 1
2: 0 1 0 0
3: 0 0 0 0
4: 0 0 0 0
5: 0 0 1 0
6: 1 1 1 1
POPPED 0 0 1 0
PUSHED 0 1 1 1
GET RESULTS
0: 0 1 1 1
1: 1 1 1 1
2: 0 1 0 0
3: 0 0 0 0
4: 0 0 0 0
5: 0 1 1 1
6: 1 1 1 1
PUSHED 0 0 0 1
PUSHED 1 0 1 0
GET RESULTS
0: 1 0 1 0
1: 0 0 0 1
2: 0 1 1 1
3: 1 1 1 1
4: 0 1 0 0
5: 1 0 1 0
6: 0 0 0 1
PUSHED 1 0 1 1
GET RESULTS
0: 1 0 1 1
1: 1 0 1 0
2: 0 0 0 1
3: 0 1 1 1
4: 1 1 1 1
5: 1 0 1 1
6: 1 0 1 0
0: 1 0 1 1
1: 1 0 1 0
2: 0 0 0 1
3: 0 1 1 1
4: 1 1 1 1
5: 1 0 1 1
6: 1 0 1 0
No errors in Stack!
